6.123233995736766e-17 1.0
-0.04906767432741801 0.9987954562051724
-0.09801714032956065 0.9951847266721969
-0.14673047445536164 0.989176509964781
-0.1950903220161282 0.9807852804032304
-0.24298017990326387 0.970031253194544
-0.29028467725446216 0.9569403357322089
-0.33688985339221994 0.9415440651830208
-0.3826834323650897 0.9238795325112867
-0.42755509343028186 0.9039892931234434
-0.4713967368259977 0.881921264348355
-0.5141027441932217 0.8577286100002721
-0.555570233019602 0.8314696123025455
-0.5956993044924334 0.8032075314806449
-0.6343932841636454 0.7730104533627371
-0.6715589548470184 0.740951125354959
-0.7071067811865475 0.7071067811865476
-0.7409511253549589 0.6715589548470186
-0.773010453362737 0.6343932841636455
-0.8032075314806448 0.5956993044924335
-0.8314696123025453 0.5555702330196022
-0.857728610000272 0.5141027441932218
-0.8819212643483549 0.47139673682599786
-0.9039892931234431 0.4275550934302824
-0.9238795325112867 0.3826834323650899
-0.9415440651830208 0.3368898533922199
-0.9569403357322088 0.2902846772544624
-0.970031253194544 0.24298017990326407
-0.9807852804032304 0.1950903220161286
-0.989176509964781 0.1467304744553618
-0.9951847266721968 0.09801714032956083
-0.9987954562051724 0.049067674327417966
-1.0 1.2246467991473532e-16
-0.9987954562051724 -0.049067674327417724
-0.9951847266721969 -0.09801714032956059
-0.989176509964781 -0.14673047445536158
-0.9807852804032304 -0.19509032201612836
-0.970031253194544 -0.24298017990326382
-0.9569403357322089 -0.2902846772544621
-0.9415440651830209 -0.33688985339221966
-0.9238795325112868 -0.38268343236508967
-0.9039892931234434 -0.4275550934302818
-0.881921264348355 -0.47139673682599764
-0.8577286100002721 -0.5141027441932216
-0.8314696123025455 -0.555570233019602
-0.8032075314806449 -0.5956993044924332
-0.7730104533627371 -0.6343932841636453
-0.7409511253549591 -0.6715589548470184
-0.7071067811865477 -0.7071067811865475
-0.6715589548470187 -0.7409511253549589
-0.6343932841636452 -0.7730104533627372
-0.5956993044924331 -0.803207531480645
-0.5555702330196022 -0.8314696123025452
-0.5141027441932218 -0.857728610000272
-0.47139673682599786 -0.8819212643483549
-0.4275550934302825 -0.9039892931234431
-0.38268343236509034 -0.9238795325112865
-0.3368898533922208 -0.9415440651830205
-0.29028467725446244 -0.9569403357322088
-0.24298017990326412 -0.970031253194544
-0.19509032201612866 -0.9807852804032303
-0.14673047445536144 -0.989176509964781
-0.09801714032956045 -0.9951847266721969
-0.04906767432741803 -0.9987954562051724
1.0 0
0.984375 0
0.96875 0
0.953125 0
0.9375 0
0.921875 0
0.90625 0
0.890625 0
0.875 0
0.859375 0
0.84375 0
0.828125 0
0.8125 0
0.796875 0
0.78125 0
0.765625 0
0.75 0
0.734375 0
0.71875 0
0.703125 0
0.6875 0
0.671875 0
0.65625 0
0.640625 0
0.625 0
0.609375 0
0.59375 0
0.578125 0
0.5625 0
0.546875 0
0.53125 0
0.515625 0
0.5 0
0.484375 0
0.46875 0
0.453125 0
0.4375 0
0.421875 0
0.40625 0
0.390625 0
0.375 0
0.359375 0
0.34375 0
0.328125 0
0.3125 0
0.296875 0
0.28125 0
0.265625 0
0.25 0
0.234375 0
0.21875 0
0.203125 0
0.1875 0
0.171875 0
0.15625 0
0.140625 0
0.125 0
0.109375 0
0.09375 0
0.078125 0
0.0625 0
0.046875 0
0.03125 0
0.015625 0
