6.123233995736766e-17 1.0
-0.03141075907812828 0.9995065603657316
-0.0627905195293134 0.9980267284282716
-0.09410831331851417 0.99556196460308
-0.12533323356430415 0.9921147013144779
-0.1564344650402308 0.9876883405951378
-0.1873813145857246 0.9822872507286887
-0.21814324139654256 0.9759167619387474
-0.24868988716485463 0.9685831611286312
-0.27899110603922916 0.9602936856769431
-0.30901699437494734 0.9510565162951536
-0.33873792024529137 0.9408807689542255
-0.368124552684678 0.9297764858882513
-0.39714789063478045 0.9177546256839813
-0.4257792915650727 0.9048270524660195
-0.4539904997395467 0.8910065241883679
-0.48175367410171505 0.8763066800438637
-0.5090414157503713 0.8607420270039436
-0.5358267949789964 0.8443279255020152
-0.5620833778521307 0.8270805742745617
-0.587785252292473 0.8090169943749475
-0.6129070536529763 0.7901550123756905
-0.6374239897486897 0.7705132427757893
-0.6613118653236517 0.7501110696304597
-0.6845471059286887 0.7289686274214114
-0.7071067811865475 0.7071067811865476
-0.7289686274214113 0.6845471059286888
-0.7501110696304596 0.6613118653236518
-0.7705132427757894 0.6374239897486895
-0.7901550123756904 0.6129070536529764
-0.8090169943749473 0.5877852522924732
-0.8270805742745617 0.5620833778521308
-0.8443279255020151 0.5358267949789967
-0.8607420270039438 0.5090414157503711
-0.8763066800438636 0.4817536741017152
-0.8910065241883678 0.45399049973954686
-0.9048270524660194 0.4257792915650729
-0.9177546256839811 0.3971478906347806
-0.9297764858882513 0.36812455268467814
-0.9408807689542255 0.3387379202452913
-0.9510565162951535 0.3090169943749475
-0.960293685676943 0.27899110603922955
-0.968583161128631 0.24868988716485524
-0.9759167619387473 0.21814324139654276
-0.9822872507286887 0.18738131458572457
-0.9876883405951377 0.15643446504023098
-0.9921147013144778 0.12533323356430454
-0.99556196460308 0.0941083133185148
-0.9980267284282716 0.06279051952931358
-0.9995065603657316 0.031410759078128236
-1.0 1.2246467991473532e-16
-0.9995065603657316 -0.031410759078127994
-0.9980267284282716 -0.06279051952931335
-0.99556196460308 -0.09410831331851455
-0.9921147013144779 -0.12533323356430429
-0.9876883405951378 -0.15643446504023073
-0.9822872507286886 -0.18738131458572477
-0.9759167619387475 -0.21814324139654206
-0.9685831611286312 -0.24868988716485457
-0.9602936856769431 -0.2789911060392293
-0.9510565162951536 -0.3090169943749473
-0.9408807689542256 -0.3387379202452911
-0.9297764858882515 -0.3681245526846779
-0.9177546256839813 -0.3971478906347804
-0.9048270524660195 -0.42577929156507266
-0.8910065241883679 -0.4539904997395467
-0.8763066800438635 -0.4817536741017154
-0.8607420270039436 -0.5090414157503712
-0.844327925502015 -0.5358267949789968
-0.827080574274562 -0.5620833778521303
-0.8090169943749476 -0.587785252292473
-0.7901550123756905 -0.6129070536529763
-0.7705132427757893 -0.6374239897486896
-0.7501110696304597 -0.6613118653236517
-0.7289686274214116 -0.6845471059286887
-0.7071067811865477 -0.7071067811865475
-0.684547105928689 -0.7289686274214113
-0.6613118653236519 -0.7501110696304595
-0.6374239897486895 -0.7705132427757894
-0.6129070536529765 -0.7901550123756904
-0.5877852522924732 -0.8090169943749473
-0.5620833778521309 -0.8270805742745616
-0.5358267949789971 -0.8443279255020149
-0.5090414157503719 -0.8607420270039433
-0.48175367410171605 -0.8763066800438631
-0.4539904997395469 -0.8910065241883678
-0.42577929156507294 -0.9048270524660194
-0.3971478906347803 -0.9177546256839813
-0.3681245526846778 -0.9297764858882515
-0.33873792024529137 -0.9408807689542255
-0.30901699437494756 -0.9510565162951535
-0.2789911060392296 -0.960293685676943
-0.2486898871648553 -0.968583161128631
-0.21814324139654237 -0.9759167619387474
-0.1873813145857255 -0.9822872507286885
-0.15643446504023104 -0.9876883405951377
-0.1253332335643046 -0.9921147013144778
-0.09410831331851396 -0.99556196460308
-0.06279051952931321 -0.9980267284282716
-0.0314107590781283 -0.9995065603657316
1.0 0
0.99 0
0.98 0
0.97 0
0.96 0
0.95 0
0.94 0
0.93 0
0.92 0
0.91 0
0.9 0
0.89 0
0.88 0
0.87 0
0.86 0
0.85 0
0.84 0
0.83 0
0.82 0
0.81 0
0.8 0
0.79 0
0.78 0
0.77 0
0.76 0
0.75 0
0.74 0
0.73 0
0.72 0
0.71 0
0.7 0
0.69 0
0.68 0
0.67 0
0.66 0
0.65 0
0.64 0
0.63 0
0.62 0
0.61 0
0.6 0
0.59 0
0.58 0
0.57 0
0.56 0
0.55 0
0.54 0
0.53 0
0.52 0
0.51 0
0.5 0
0.49 0
0.48 0
0.47 0
0.46 0
0.45 0
0.44 0
0.43 0
0.42 0
0.41 0
0.4 0
0.39 0
0.38 0
0.37 0
0.36 0
0.35 0
0.34 0
0.33 0
0.32 0
0.31 0
0.3 0
0.29 0
0.28 0
0.27 0
0.26 0
0.25 0
0.24 0
0.23 0
0.22 0
0.21 0
0.2 0
0.19 0
0.18 0
0.17 0
0.16 0
0.15 0
0.14 0
0.13 0
0.12 0
0.11 0
0.1 0
0.09 0
0.08 0
0.07 0
0.06 0
0.05 0
0.04 0
0.03 0
0.02 0
0.01 0
