6.123233995736766e-17 1.0
-0.09801714032956065 0.9951847266721969
-0.1950903220161282 0.9807852804032304
-0.29028467725446216 0.9569403357322089
-0.3826834323650897 0.9238795325112867
-0.4713967368259977 0.881921264348355
-0.555570233019602 0.8314696123025455
-0.6343932841636454 0.7730104533627371
-0.7071067811865475 0.7071067811865476
-0.773010453362737 0.6343932841636455
-0.8314696123025453 0.5555702330196022
-0.8819212643483549 0.47139673682599786
-0.9238795325112867 0.3826834323650899
-0.9569403357322088 0.2902846772544624
-0.9807852804032304 0.1950903220161286
-0.9951847266721968 0.09801714032956083
-1.0 1.2246467991473532e-16
-0.9951847266721969 -0.09801714032956059
-0.9807852804032304 -0.19509032201612836
-0.9569403357322089 -0.2902846772544621
-0.9238795325112868 -0.38268343236508967
-0.881921264348355 -0.47139673682599764
-0.8314696123025455 -0.555570233019602
-0.7730104533627371 -0.6343932841636453
-0.7071067811865477 -0.7071067811865475
-0.6343932841636452 -0.7730104533627372
-0.5555702330196022 -0.8314696123025452
-0.47139673682599786 -0.8819212643483549
-0.38268343236509034 -0.9238795325112865
-0.29028467725446244 -0.9569403357322088
-0.19509032201612866 -0.9807852804032303
-0.09801714032956045 -0.9951847266721969
1.0 0
0.96875 0
0.9375 0
0.90625 0
0.875 0
0.84375 0
0.8125 0
0.78125 0
0.75 0
0.71875 0
0.6875 0
0.65625 0
0.625 0
0.59375 0
0.5625 0
0.53125 0
0.5 0
0.46875 0
0.4375 0
0.40625 0
0.375 0
0.34375 0
0.3125 0
0.28125 0
0.25 0
0.21875 0
0.1875 0
0.15625 0
0.125 0
0.09375 0
0.0625 0
0.03125 0
