6.123233995736766e-17 1.0
-0.024541228522912142 0.9996988186962042
-0.04906767432741801 0.9987954562051724
-0.07356456359966733 0.9972904566786902
-0.09801714032956065 0.9951847266721969
-0.12241067519921615 0.99247953459871
-0.14673047445536164 0.989176509964781
-0.17096188876030124 0.9852776423889412
-0.1950903220161282 0.9807852804032304
-0.21910124015686966 0.9757021300385286
-0.24298017990326387 0.970031253194544
-0.2667127574748983 0.9637760657954398
-0.29028467725446216 0.9569403357322089
-0.3136817403988914 0.9495281805930367
-0.33688985339221994 0.9415440651830208
-0.35989503653498817 0.9329927988347388
-0.3826834323650897 0.9238795325112867
-0.40524131400498975 0.9142097557035307
-0.42755509343028186 0.9039892931234434
-0.4496113296546067 0.8932243011955152
-0.4713967368259977 0.881921264348355
-0.492898192229784 0.8700869911087115
-0.5141027441932217 0.8577286100002721
-0.534997619887097 0.8448535652497072
-0.555570233019602 0.8314696123025455
-0.5758081914178453 0.8175848131515837
-0.5956993044924334 0.8032075314806449
-0.6152315905806267 0.7883464276266063
-0.6343932841636454 0.7730104533627371
-0.6531728429537769 0.7572088465064845
-0.6715589548470184 0.740951125354959
-0.6895405447370669 0.7242470829514669
-0.7071067811865475 0.7071067811865476
-0.7242470829514668 0.689540544737067
-0.7409511253549589 0.6715589548470186
-0.7572088465064843 0.653172842953777
-0.773010453362737 0.6343932841636455
-0.7883464276266062 0.6152315905806269
-0.8032075314806448 0.5956993044924335
-0.8175848131515836 0.5758081914178454
-0.8314696123025453 0.5555702330196022
-0.8448535652497071 0.5349976198870972
-0.857728610000272 0.5141027441932218
-0.8700869911087113 0.49289819222978415
-0.8819212643483549 0.47139673682599786
-0.8932243011955152 0.4496113296546069
-0.9039892931234431 0.4275550934302824
-0.9142097557035307 0.4052413140049899
-0.9238795325112867 0.3826834323650899
-0.9329927988347388 0.35989503653498833
-0.9415440651830208 0.3368898533922199
-0.9495281805930367 0.3136817403988914
-0.9569403357322088 0.2902846772544624
-0.9637760657954398 0.2667127574748985
-0.970031253194544 0.24298017990326407
-0.9757021300385285 0.21910124015687005
-0.9807852804032304 0.1950903220161286
-0.9852776423889412 0.17096188876030163
-0.989176509964781 0.1467304744553618
-0.99247953459871 0.12241067519921635
-0.9951847266721968 0.09801714032956083
-0.9972904566786902 0.07356456359966729
-0.9987954562051724 0.049067674327417966
-0.9996988186962042 0.024541228522912326
-1.0 1.2246467991473532e-16
-0.9996988186962042 -0.02454122852291208
-0.9987954562051724 -0.049067674327417724
-0.9972904566786902 -0.07356456359966705
-0.9951847266721969 -0.09801714032956059
-0.99247953459871 -0.1224106751992161
-0.989176509964781 -0.14673047445536158
-0.9852776423889412 -0.1709618887603014
-0.9807852804032304 -0.19509032201612836
-0.9757021300385286 -0.2191012401568698
-0.970031253194544 -0.24298017990326382
-0.96377606579544 -0.26671275747489825
-0.9569403357322089 -0.2902846772544621
-0.9495281805930368 -0.3136817403988912
-0.9415440651830209 -0.33688985339221966
-0.932992798834739 -0.3598950365349881
-0.9238795325112868 -0.38268343236508967
-0.9142097557035307 -0.4052413140049897
-0.9039892931234434 -0.4275550934302818
-0.8932243011955153 -0.44961132965460665
-0.881921264348355 -0.47139673682599764
-0.8700869911087115 -0.4928981922297839
-0.8577286100002721 -0.5141027441932216
-0.8448535652497072 -0.5349976198870969
-0.8314696123025455 -0.555570233019602
-0.8175848131515837 -0.5758081914178453
-0.8032075314806449 -0.5956993044924332
-0.7883464276266063 -0.6152315905806267
-0.7730104533627371 -0.6343932841636453
-0.7572088465064848 -0.6531728429537765
-0.7409511253549591 -0.6715589548470184
-0.724247082951467 -0.6895405447370668
-0.7071067811865477 -0.7071067811865475
-0.689540544737067 -0.7242470829514668
-0.6715589548470187 -0.7409511253549589
-0.6531728429537771 -0.7572088465064842
-0.6343932841636452 -0.7730104533627372
-0.6152315905806273 -0.7883464276266059
-0.5956993044924331 -0.803207531480645
-0.5758081914178459 -0.8175848131515833
-0.5555702330196022 -0.8314696123025452
-0.5349976198870973 -0.844853565249707
-0.5141027441932218 -0.857728610000272
-0.4928981922297842 -0.8700869911087113
-0.47139673682599786 -0.8819212643483549
-0.44961132965460693 -0.8932243011955152
-0.4275550934302825 -0.9039892931234431
-0.40524131400498953 -0.9142097557035308
-0.38268343236509034 -0.9238795325112865
-0.35989503653498794 -0.932992798834739
-0.3368898533922208 -0.9415440651830205
-0.31368174039889146 -0.9495281805930367
-0.29028467725446244 -0.9569403357322088
-0.26671275747489853 -0.9637760657954398
-0.24298017990326412 -0.970031253194544
-0.2191012401568701 -0.9757021300385285
-0.19509032201612866 -0.9807852804032303
-0.1709618887603017 -0.9852776423889411
-0.14673047445536144 -0.989176509964781
-0.12241067519921685 -0.99247953459871
-0.09801714032956045 -0.9951847266721969
-0.07356456359966825 -0.9972904566786902
-0.04906767432741803 -0.9987954562051724
-0.02454122852291239 -0.9996988186962042
1.0 0
0.9921875 0
0.984375 0
0.9765625 0
0.96875 0
0.9609375 0
0.953125 0
0.9453125 0
0.9375 0
0.9296875 0
0.921875 0
0.9140625 0
0.90625 0
0.8984375 0
0.890625 0
0.8828125 0
0.875 0
0.8671875 0
0.859375 0
0.8515625 0
0.84375 0
0.8359375 0
0.828125 0
0.8203125 0
0.8125 0
0.8046875 0
0.796875 0
0.7890625 0
0.78125 0
0.7734375 0
0.765625 0
0.7578125 0
0.75 0
0.7421875 0
0.734375 0
0.7265625 0
0.71875 0
0.7109375 0
0.703125 0
0.6953125 0
0.6875 0
0.6796875 0
0.671875 0
0.6640625 0
0.65625 0
0.6484375 0
0.640625 0
0.6328125 0
0.625 0
0.6171875 0
0.609375 0
0.6015625 0
0.59375 0
0.5859375 0
0.578125 0
0.5703125 0
0.5625 0
0.5546875 0
0.546875 0
0.5390625 0
0.53125 0
0.5234375 0
0.515625 0
0.5078125 0
0.5 0
0.4921875 0
0.484375 0
0.4765625 0
0.46875 0
0.4609375 0
0.453125 0
0.4453125 0
0.4375 0
0.4296875 0
0.421875 0
0.4140625 0
0.40625 0
0.3984375 0
0.390625 0
0.3828125 0
0.375 0
0.3671875 0
0.359375 0
0.3515625 0
0.34375 0
0.3359375 0
0.328125 0
0.3203125 0
0.3125 0
0.3046875 0
0.296875 0
0.2890625 0
0.28125 0
0.2734375 0
0.265625 0
0.2578125 0
0.25 0
0.2421875 0
0.234375 0
0.2265625 0
0.21875 0
0.2109375 0
0.203125 0
0.1953125 0
0.1875 0
0.1796875 0
0.171875 0
0.1640625 0
0.15625 0
0.1484375 0
0.140625 0
0.1328125 0
0.125 0
0.1171875 0
0.109375 0
0.1015625 0
0.09375 0
0.0859375 0
0.078125 0
0.0703125 0
0.0625 0
0.0546875 0
0.046875 0
0.0390625 0
0.03125 0
0.0234375 0
0.015625 0
0.0078125 0
