6.123233995736766e-17 1.0
-0.1950903220161282 0.9807852804032304
-0.3826834323650897 0.9238795325112867
-0.555570233019602 0.8314696123025455
-0.7071067811865475 0.7071067811865476
-0.8314696123025453 0.5555702330196022
-0.9238795325112867 0.3826834323650899
-0.9807852804032304 0.1950903220161286
-1.0 1.2246467991473532e-16
-0.9807852804032304 -0.19509032201612836
-0.9238795325112868 -0.38268343236508967
-0.8314696123025455 -0.555570233019602
-0.7071067811865477 -0.7071067811865475
-0.5555702330196022 -0.8314696123025452
-0.38268343236509034 -0.9238795325112865
-0.19509032201612866 -0.9807852804032303
1.0 0
0.9375 0
0.875 0
0.8125 0
0.75 0
0.6875 0
0.625 0
0.5625 0
0.5 0
0.4375 0
0.375 0
0.3125 0
0.25 0
0.1875 0
0.125 0
0.0625 0
