6.123233995736766e-17 1.0
-0.12533323356430415 0.9921147013144779
-0.24868988716485463 0.9685831611286312
-0.368124552684678 0.9297764858882513
-0.48175367410171505 0.8763066800438637
-0.587785252292473 0.8090169943749475
-0.6845471059286887 0.7289686274214114
-0.7705132427757894 0.6374239897486895
-0.8443279255020151 0.5358267949789967
-0.9048270524660194 0.4257792915650729
-0.9510565162951535 0.3090169943749475
-0.9822872507286887 0.18738131458572457
-0.9980267284282716 0.06279051952931358
-0.9980267284282716 -0.06279051952931335
-0.9822872507286886 -0.18738131458572477
-0.9510565162951536 -0.3090169943749473
-0.9048270524660195 -0.42577929156507266
-0.844327925502015 -0.5358267949789968
-0.7705132427757893 -0.6374239897486896
-0.684547105928689 -0.7289686274214113
-0.5877852522924732 -0.8090169943749473
-0.48175367410171605 -0.8763066800438631
-0.3681245526846778 -0.9297764858882515
-0.2486898871648553 -0.968583161128631
-0.1253332335643046 -0.9921147013144778
1.0 0
0.8 0
0.6 0
0.4 0
0.2 0
